001000000000000011010100000101010000000001000000000000000000
000100001000000010000001000111000000010000000010100000001000
000010000000000000000000000001010000010001000001000001100000
100010001100010000000010000000001000000010000001001001000000
000001000101000100000010100101110001000100000000010010001000
010001000001000000001011000000000001000000000010010000011110
000000011001010010000000110000000010111001000000001010100110
100000000000010000100100000100000000001000010100000000100010
100001010000000000100000100001010010000001000001001000000000
000000000010101000000010000000000000000000001010010110000000
101000011100100000110110010010000110100001000010010001010001
010101000010000000101100100001011000000000000000000001010000
101010010110000001101100010000011010010001001000000010000001
110001010100001000100000010000000100010010001000000010100100
000000000010001100000000000001000000000000000001001010000000
000010000100000000001001100000001000000001010000010000001100
010001000001010000100000000001010000000000000000010100001010
100001000000001000011000000010000000101000000000101100100000
000000000100010010000010000000001100100010001001010000000000
100000000001000000010100000100000000000000000001001000000000