001000010000101000010000101100000000010010010101010100000101
000000000000100000001000000010000000010011000101010000010000
000000000000011001011100100101011001000001000110010100000001
000010000001000001101001000000010000000001000110000000010000
000000011100000000000000100000000000000000000000000001000001
100000000000100011100000000100000000100000001110000000000100
100001110100000000000000000000001101101001000000110111000000
000001000001101000000011100001000001000010000010101110111000
000000000000010010000100000001010100000000000000001001001101
000001000011010001000010000011100000000000001110000010100000
000010000001000100100000000100000000000010100000000100000000
110000100100000000001000001000000000100001011100010010000000
011100000000001100010100110000101000011000010000000010000000
000001010000000101000001100001001010000010000000010100010000
010110000000000000001000000110000000001000100000100000010000
000000000101000000000100000110000000000001101110100000001010
000010110000001000000000100001000000100101010110000100101010
010000000011100110000000010000000001000010010000000000000000
100000000001001100000000000010000000001101000000000000100000
010000010000001010010000010100010000000010101100010000000001